T	w(AL)	w(CU)	w(LI)	fs	fw(@FCC_A1#1)	fw(@FCC_A1#2)	w(AL@FCC_A1#1)	w(CU@FCC_A1#1)	w(LI@FCC_A1#1)	w(AL@FCC_A1#2)	w(CU@FCC_A1#2)	w(LI@FCC_A1#2)	w(AL@LIQUID)	w(CU@LIQUID)	w(LI@LIQUID)	dwdT_L(AL@FCC_A1#1)	dwdT_L(CU@FCC_A1#1)	dwdT_L(LI@FCC_A1#1)	dwdT_L(AL@FCC_A1#2)	dwdT_L(CU@FCC_A1#2)	dwdT_L(LI@FCC_A1#2)	dwdT_L(AL@LIQUID)	dwdT_L(CU@LIQUID)	dwdT_L(LI@LIQUID)	-T	fw(@FCC_A1#1)_1	fw(@FCC_A1#2)_1	-T//fw(@FCC_A1)	
K	%	%	%	mole/mole	kg/kg	kg/kg	%	%	%	%	%	%	%	%	%	SI	SI	SI	SI	SI	SI	SI	SI	SI					
761.4098842	77	13	10	0	0		93.42860941	0.04884522023	6.522545365				77	13	10	0.0008594520664	-0.00067754068	-0.0001819113864				0.0008594520664	-0.00067754068	-0.0001819113864	-761.4098842	0			
761.3998842	77	13	10	5.127575358E-05	5.238065033E-05		93.42838461	0.04884378336	6.522771607				76.99914049	13.00067735	10.00018216	0.001719454272	-0.00135553364	-0.0003639206328				0	0	0	-761.3998842	5.238065033E-05			
761.3798842	77	13	10	0.0001536429013	0.0001046021332		93.42793505	0.04884091944	6.523224027				76.99742203	13.00203214	10.00054584	0.002578415364	-0.002032752586	-0.000545662778				0	0	0	-761.3798842	0.0001046021332			
761.3398842	77	13	10	0.000358372673	0.0002092165924		93.42703605	0.04883518922	6.524128761				76.99398439	13.00474241	10.00127319	0.004297524299	-0.003388238229	-0.0009092860698				0	0	0	-761.3398842	0.0002092165924			
761.2598842	77	13	10	0.0007676068564	0.0004182707287		93.42523817	0.04882372067	6.525938109				76.98710978	13.01016303	10.00272719	0.007734423478	-0.006098618203	-0.001635805275				0	0	0	-761.2598842	0.0004182707287			
761.0998842	77	13	10	0.001585139522	0.0008357824697		93.42164285	0.04880074757	6.5295564				76.97336342	13.02100408	10.0056325	0.01460642307	-0.01151975224	-0.003086670832				0	0	0	-761.0998842	0.0008357824697			
760.7798842	77	13	10	0.003216616442	0.001668978234		93.41445422	0.04875467182	6.536791107				76.94588102	13.04268714	10.01143184	0.02834323805	-0.0223635167	-0.005979721354				0	0	0	-760.7798842	0.001668978234			
760.1398842	77	13	10	0.006465295987	0.003327661885		93.40008495	0.04866200384	6.551253051				76.8909573	13.08605714	10.02298555	0.05578827855	-0.04405708143	-0.01173119712				0	0	0	-760.1398842	0.003327661885			
758.8598842	77	13	10	0.01290622252	0.006614596308		93.37137791	0.04847462047	6.580147468				76.78127229	13.17281369	10.04591402	0.1105651461	-0.08746873278	-0.02309641337				0	0	0	-758.8598842	0.006614596308			
756.2998842	77	13	10	0.0255571473	0.01306252435		93.31410766	0.04809288029	6.637799456				76.56245287	13.34652528	10.09102185	0.219674362	-0.174392586	-0.045281776				0	0	0	-756.2998842	0.01306252435			
753.7398842	77	13	10	0.037880139	0.0128743477		93.25694374	0.04769741063	6.695358845				76.34472051	13.51997057	10.13530893	0.2185827834	-0.1741253379	-0.04445744546				0	0	0	-753.7398842	0.0128743477			
751.1798842	77	13	10	0.04988863646	0.01269172941		93.19988114	0.04728858006	6.75283028				76.12805091	13.69315884	10.17879025	0.2175158884	-0.1738673037	-0.04364858475				0	0	0	-751.1798842	0.01269172941			
748.6198842	77	13	10	0.06159555669	0.01251466383		93.14291393	0.04686675541	6.810219315				75.91241849	13.86610051	10.22148101	0.2164746917	-0.1736197172	-0.04285497449				0	0	0	-748.6198842	0.01251466383			
746.0598842	77	13	10	0.07301306554	0.01234286614		93.08603658	0.04643230651	6.867531111				75.69779921	14.03880511	10.26339568	0.2154576057	-0.1733817147	-0.04207589099				0	0	0	-746.0598842	0.01234286614			
743.4998842	77	13	10	0.08415267291	0.01217611358		93.02924368	0.04598560675	6.924770716				75.48416979	14.21128201	10.30454821	0.2144639067	-0.173153102	-0.04131080469				0	0	0	-743.4998842	0.01217611358			
740.9398842	77	13	10	0.09502527713	0.01201419608		92.97252989	0.04552703309	6.981943081				75.2715076	14.38354037	10.34495203	0.2134929082	-0.1729336972	-0.04055921097				0	0	0	-740.9398842	0.01201419608			
738.3798842	77	13	10	0.1056412055	0.01185691522		92.91588998	0.04505696609	7.039053059				75.0597907	14.55558919	10.38462011	0.2125439567	-0.1727233285	-0.03982062816				0	0	0	-738.3798842	0.01185691522			
735.8198842	77	13	10	0.1160102518	0.01170408349		92.8593188	0.04457578987	7.096105411				74.84899772	14.72743732	10.42356496	0.2116164302	-0.172521834	-0.03909459625				0	0	0	-735.8198842	0.01170408349			
733.2598842	77	13	10	0.1261417107	0.01155552349		92.80281129	0.04408389211	7.153104814				74.63910794	14.89909343	10.46179863	0.2107097365	-0.172329061	-0.03838067556				0	0	0	-733.2598842	0.01155552349			
730.6998842	77	13	10	0.1360444096	0.01141106733		92.74636247	0.04358166396	7.210055861				74.43010114	15.07056608	10.49933278	0.2098233114	-0.1721448658	-0.03767844558				0	0	0	-730.6998842	0.01141106733			
728.1398842	77	13	10	0.1457267381	0.01127055594		92.68996743	0.04306949999	7.26696307				74.22195768	15.24186368	10.53617864	0.208956617	-0.1719691132	-0.03698750381				0	0	0	-728.1398842	0.01127055594			
725.5798842	77	13	10	0.1551966751	0.01113383855		92.63362132	0.04254779808	7.323830885				74.01465842	15.41299449	10.57234708	0.2081091406	-0.1718016759	-0.03630746469				0	0	0	-725.5798842	0.01113383855			
723.0198842	77	13	10	0.1644618142	0.01100077216		92.57731936	0.04201695932	7.380663678				73.8081847	15.5839667	10.6078486	0.2072803931	-0.1716424344	-0.03563795872				0	0	0	-723.0198842	0.01100077216			
720.4598842	77	13	10	0.1735293868	0.010871221		92.52105685	0.04147738786	7.437465758				73.60251832	15.75478835	10.64269333	0.2064699076	-0.1714912762	-0.03497863143				0	0	0	-720.4598842	0.010871221			
717.8998842	77	13	10	0.1824062838	0.01074505612		92.46482914	0.0409294908	7.494241371				73.39764154	15.92546738	10.67689108	0.2056772387	-0.1713480961	-0.03432914264				0	0	0	-717.8998842	0.01074505612			
715.3398842	77	13	10	0.1910990758	0.01062215498		92.40863162	0.04037367798	7.550994705				73.19353704	16.09601165	10.71045131	0.204901961	-0.1712127954	-0.03368916558				0	0	0	-715.3398842	0.01062215498			
712.7798842	77	13	10	0.1996140317	0.01050240104		92.35245975	0.03981036181	7.607729888				72.99018789	16.26642891	10.7433832	0.2041436679	-0.1710852817	-0.03305838622				0	0	0	-712.7798842	0.01050240104			
710.2198842	77	13	10	0.2079571363	0.01038568337		92.29630904	0.03923995712	7.664451001				72.78757757	16.43672683	10.7756956	0.2034019713	-0.1709654687	-0.03243650254				0	0	0	-710.2198842	0.01038568337			
707.6598842	77	13	10	0.2161341059	0.0102718964		92.24017505	0.03866288088	7.721162072				72.58568991	16.60691301	10.80739709	0.2026765	-0.1708532762	-0.03182322386				0	0	0	-707.6598842	0.0102718964			
705.0998842	77	13	10	0.2241504043	0.01016093952		92.18405337	0.03807955202	7.777867081				72.3845091	16.77699495	10.83849596	0.2019668994	-0.1707486291	-0.03121827028				0	0	0	-705.0998842	0.01016093952			
702.5398842	77	13	10	0.232011256	0.01005271685		92.12793964	0.03749039116	7.834569966				72.18401967	16.9469801	10.86900023	0.2012728302	-0.1706514581	-0.03062137208				0	0	0	-702.5398842	0.01005271685			
699.9798842	77	13	10	0.2397216599	0.009947136922		92.07182956	0.03689582039	7.891274622				71.98420647	17.11687585	10.89891767	0.2005939681	-0.1705616989	-0.03003226919				0	0	0	-699.9798842	0.009947136922			
697.4198842	77	13	10	0.2472864013	0.009844112488		92.01571883	0.03629626298	7.947984906				71.78505467	17.28668953	10.9282558	0.1999300027	-0.170479292	-0.02945071066				0	0	0	-697.4198842	0.009844112488			
694.8598842	77	13	10	0.2547100635	0.009743560233		91.95960322	0.03569214311	8.004704635				71.58654972	17.45642839	10.95702189	0.1992806374	-0.1704041832	-0.02887645423				0	0	0	-694.8598842	0.009743560233			
692.2998842	77	13	10	0.2619970384	0.009645400578		91.90347852	0.03508388557	8.061437595				71.38867736	17.62609966	10.98522298	0.1986455881	-0.1703363222	-0.02830926586				0	0	0	-692.2998842	0.009645400578			
689.7398842	77	13	10	0.2691515368	0.009549557483		91.84734055	0.03447191546	8.118187538				71.1914236	17.79571051	11.01286589	0.1980245831	-0.1702756638	-0.02774891929				0	0	0	-689.7398842	0.009549557483			
687.1798842	77	13	10	0.2761775975	0.00945595824		91.79118516	0.03385665788	8.174958186				70.99477471	17.96526808	11.03995721	0.1974173625	-0.1702221668	-0.02719519568				0	0	0	-687.1798842	0.00945595824			
684.6198842	77	13	10	0.2830790965	0.009364533306		91.73500823	0.03323853762	8.231753233				70.7987172	18.13477946	11.06650334	0.1968236774	-0.1701757942	-0.02664788321				0	0	0	-684.6198842	0.009364533306			
682.0598842	77	13	10	0.289859755	0.009275216131		91.67880567	0.0326179788	8.288576346				70.60323784	18.30425171	11.09251045	0.19624329	-0.1701365132	-0.02610677673				0	0	0	-682.0598842	0.009275216131			
679.4998842	77	13	10	0.2965231473	0.009187943002		91.62257342	0.03199540455	8.345431171				70.4083236	18.47369188	11.11798453	0.1956759723	-0.1701042948	-0.02557167745				0	0	0	-679.4998842	0.009187943002			
676.9398842	77	13	10	0.3030727082	0.009102652897		91.56630743	0.03137123664	8.40232133				70.21396167	18.64310696	11.14293136	0.1951215065	-0.1700791139	-0.02504239256				0	0	0	-676.9398842	0.009102652897			
674.3798842	77	13	10	0.3095117396	0.009019287348		91.51000368	0.03074589514	8.459250423				70.02013947	18.81250396	11.16735657	0.1945796841	-0.1700609491	-0.02451873501				0	0	0	-674.3798842	0.009019287348			
671.8198842	77	13	10	0.3158434174	0.008937790311		91.45365817	0.03011979805	8.516222035				69.8268446	18.98188983	11.19126557	0.1940503058	-0.1700497826	-0.02400052318				0	0	0	-671.8198842	0.008937790311			
669.2598842	77	13	10	0.3220707975	0.008858108045		91.39726691	0.02949336092	8.573239733				69.63406485	19.15127154	11.2146636	0.1935331809	-0.1700456003	-0.0234875806				0	0	0	-669.2598842	0.008858108045			
666.6998842	77	13	10	0.328196821	0.008780188996		91.34082593	0.02886699647	8.63030707				69.4417882	19.32065604	11.23755576	0.1930281272	-0.1700483914	-0.02297973574				0	0	0	-666.6998842	0.008780188996			
664.1398842	77	13	10	0.3342243204	0.008703983694		91.2843313	0.02824111424	8.687427584				69.2500028	19.49005025	11.25994695	0.1925349704	-0.1700581486	-0.02247682171				0	0	0	-664.1398842	0.008703983694			
661.5798842	77	13	10	0.3401560243	0.00862944465		91.22777908	0.02761612015	8.744604805				69.05869697	19.65946112	11.28184192	0.1920535441	-0.170074868	-0.0219786761				0	0	0	-661.5798842	0.00862944465			
659.0198842	77	13	10	0.3459945623	0.008556526261		91.17116533	0.02699241616	8.80184225				68.86785916	19.82889557	11.30324526	0.1915836895	-0.1700985488	-0.02148514069				0	0	0	-659.0198842	0.008556526261			
656.4598842	77	13	10	0.3517424694	0.008485184719		91.11448617	0.02637039982	8.859143432				68.67747802	19.99836056	11.32416142	0.1911252549	-0.1701291936	-0.02099606127				0	0	0	-656.4598842	0.008485184719			
653.8998842	77	13	10	0.3574021908	0.00841537793		91.05773768	0.02575046396	8.916511854				68.48754231	20.16786301	11.34459468	0.1906780955	-0.170166808	-0.02051128745				0	0	0	-653.8998842	0.00841537793			
651.3398842	77	13	10	0.3629760852	0.008347065434		91.00091599	0.02513299618	8.973951017				68.29804094	20.33740988	11.36454918	0.1902420735	-0.170211401	-0.02003067248				0	0	0	-651.3398842	0.008347065434			
648.7798842	77	13	10	0.3684664296	0.008280208328		90.9440172	0.02451837858	9.031464417				68.10896294	20.50700813	11.38402893	0.1898170575	-0.1702629845	-0.01955407301				0	0	0	-648.7798842	0.008280208328			
646.2198842	77	13	10	0.3738754219	0.008214769198		90.88703746	0.02390698724	9.08905555				67.92029747	20.67666474	11.40303779	0.1894029225	-0.1703215735	-0.01908134898				0	0	0	-646.2198842	0.008214769198			
643.6598842	77	13	10	0.3792051853	0.008150712048		90.8299729	0.02329919193	9.146727912				67.73203381	20.84638671	11.42157948	0.1889995495	-0.170387186	-0.01861236344				0	0	0	-643.6598842	0.008150712048			
641.0998842	77	13	10	0.3844577709	0.008088002244		90.77281964	0.02269535565	9.204485				67.54416136	21.01618105	11.43965759	0.1886068256	-0.1704598432	-0.01814698235				0	0	0	-641.0998842	0.008088002244			
638.5398842	77	13	10	0.3896351614	0.008026606446		90.71557385	0.02209583426	9.262330315				67.35666962	21.1860548	11.45727558	0.1882246436	-0.1705395691	-0.01768507449				0	0	0	-638.5398842	0.008026606446			
635.9798842	77	13	10	0.3947392733	0.007966492561		90.65823166	0.0215009761	9.320267362				67.16954818	21.35601504	11.47443678	0.1878529021	-0.1706263908	-0.01722651126				0	0	0	-635.9798842	0.007966492561			
633.4198842	77	13	10	0.3997719605	0.007907629679		90.60078923	0.02091112162	9.378299652				66.98278674	21.52606885	11.49114441	0.1874915049	-0.1707203383	-0.01677116656				0	0	0	-633.4198842	0.007907629679			
630.8598842	77	13	10	0.4047350164	0.007849988033		90.54324269	0.02032660296	9.436430706				66.79637509	21.69622338	11.50740153	0.1871403614	-0.1708214447	-0.01631891668				0	0	0	-630.8598842	0.007849988033			
628.2998842	77	13	10	0.4096301764	0.007793538944		90.48558821	0.01974774365	9.494664051				66.6103031	21.86648578	11.52321113	0.1867993861	-0.170929746	-0.01586964011				0	0	0	-628.2998842	0.007793538944			
625.7398842	77	13	10	0.4144591208	0.007738254779		90.42782191	0.01917485818	9.553003229				66.42456071	22.03686326	11.53857603	0.1864684985	-0.171045281	-0.01542321747				0	0	0	-625.7398842	0.007738254779			
623.1798842	77	13	10	0.4192234766	0.007684108909		90.36993996	0.01860825172	9.611451789				66.23913797	22.20736307	11.55349896	0.1861476233	-0.1711680919	-0.01497953138				0	0	0	-623.1798842	0.007684108909			
620.6198842	77	13	10	0.4239248199	0.007631075664		90.31193848	0.01804821969	9.6700133				66.05402496	22.3779925	11.56798254	0.1858366898	-0.1712982235	-0.01453846631				0	0	0	-620.6198842	0.007631075664			
618.0598842	77	13	10	0.4285646779	0.007579130299		90.25381361	0.01749504754	9.728691341				65.86921184	22.54875889	11.58202927	0.1855356322	-0.1714357237	-0.01409990848				0	0	0	-618.0598842	0.007579130299			
615.4998842	77	13	10	0.4331445306	0.007528248957		90.19556148	0.01694901032	9.787489511				65.68468885	22.71966963	11.59564152	0.1852443894	-0.1715806436	-0.01366374579				0	0	0	-615.4998842	0.007528248957			
612.9398842	77	13	10	0.4376658133	0.007478408633		90.1371782	0.01641037245	9.846411427				65.50044625	22.89073216	11.60882158	0.1849629049	-0.1717330372	-0.01322986765				0	0	0	-612.9398842	0.007478408633			
610.3798842	77	13	10	0.4421299178	0.00742958714		90.07865989	0.01587938738	9.905460725				65.31647439	23.061954	11.62157161	0.1846911266	-0.1718929617	-0.01279816493				0	0	0	-610.3798842	0.00742958714			
607.8198842	77	13	10	0.4465381944	0.007381763081		90.02000264	0.01535629735	9.964641062				65.13276364	23.23334269	11.63389368	0.1844290069	-0.1720604771	-0.01236852983				0	0	0	-607.8198842	0.007381763081			
605.2598842	77	13	10	0.4508919532	0.007334915818		89.96120255	0.0148413331	10.02395612				64.94930441	23.40490586	11.64578973	0.1841765026	-0.1722356469	-0.01194085576				0	0	0	-605.2598842	0.007334915818			
602.6998842	77	13	10	0.4551924662	0.007289025443		89.90225568	0.01433471362	10.08340961				64.76608719	23.5766512	11.65726162	0.1839335749	-0.1724185376	-0.01151503733				0	0	0	-602.6998842	0.007289025443			
600.1398842	77	13	10	0.4594409683	0.007244072751		89.84315811	0.01383664593	10.14300525				64.58310245	23.74858647	11.66831108	0.183700189	-0.1726092189	-0.01109097014				0	0	0	-600.1398842	0.007244072751			
597.5798842	77	13	10	0.4636386589	0.007200039219		89.78390587	0.01334732485	10.20274681				64.40034072	23.92071951	11.67893977	0.1834763146	-0.1728077638	-0.01066855079				0	0	0	-597.5798842	0.007200039219			
595.0198842	77	13	10	0.4677867031	0.007156906976		89.724495	0.01286693284	10.26263807				64.21779256	24.09305822	11.68914922	0.1832619255	-0.1730142487	-0.01024767673				0	0	0	-595.0198842	0.007156906976			
592.4598842	77	13	10	0.4718862331	0.007114658783		89.6649215	0.0123956398	10.32268286				64.03544855	24.26561059	11.69894086	0.1830569994	-0.1732287533	-0.009828246175				0	0	0	-592.4598842	0.007114658783			
589.8998842	77	13	10	0.4759383497	0.007073278012		89.60518137	0.01193360288	10.38288502				63.85329926	24.43838469	11.70831605	0.1828615186	-0.1734513605	-0.00941015806				0	0	0	-589.8998842	0.007073278012			
587.3398842	77	13	10	0.479944123	0.007032748625		89.54527059	0.01148096643	10.44324845				63.67133531	24.61138869	11.717276	0.1826754689	-0.173682157	-0.00899331191				0	0	0	-587.3398842	0.007032748625			
584.7798842	77	13	10	0.4839045936	0.006993055152		89.48518509	0.01103786181	10.50377705				63.48954731	24.78463082	11.72582187	0.1824988407	-0.173921233	-0.008577607775				0	0	0	-584.7798842	0.006993055152			
582.2198842	77	13	10	0.487820774	0.006954182675		89.4249208	0.01060440732	10.56447479				63.30792589	24.95811942	11.73395469	0.1823316281	-0.174168682	-0.008162946145				0	0	0	-582.2198842	0.006954182675			
579.6598842	77	13	10	0.4916936496	0.006916116811		89.36447362	0.01018070815	10.62534567				63.12646166	25.13186294	11.7416754	0.1821738294	-0.1744246016	-0.007749227864				0	0	0	-579.6598842	0.006916116811			
577.0998842	77	13	10	0.4955241792	0.00687884369		89.30383943	0.009766856325	10.68639372				62.94514525	25.3058699	11.74898485	0.1820254468	-0.1746890928	-0.007336354053				0	0	0	-577.0998842	0.00687884369			
574.5398842	77	13	10	0.4993132964	0.006842349947		89.24301406	0.009362930674	10.74762301				62.76396727	25.48014896	11.75588376	0.1818864867	-0.1749622607	-0.006924226021				0	0	0	-574.5398842	0.006842349947			
571.9798842	77	13	10	0.5030619105	0.006806622698		89.18199332	0.008968996834	10.80903768				62.58291833	25.65470887	11.7623728	0.1817569593	-0.1752442141	-0.006512745194				0	0	0	-571.9798842	0.006806622698			
569.4198842	77	13	10	0.5067709073	0.006771649534		89.120773	0.008585107286	10.87064189				62.40198902	25.82955848	11.76845251	0.1816368791	-0.1755350661	-0.006101813023				0	0	0	-569.4198842	0.006771649534			
566.8598842	77	13	10	0.5104411496	0.0067374185		89.05934884	0.008211301396	10.93243986				62.2211699	26.00470678	11.77412333	0.1815262645	-0.1758349336	-0.005691330914				0	0	0	-566.8598842	0.0067374185			
564.2998842	77	13	10	0.5140734787	0.006703918087		88.99771656	0.007847605498	10.99443584				62.04045152	26.18016287	11.77938561	0.181425138	-0.1761439379	-0.005281200138				0	0	0	-564.2998842	0.006703918087			
561.7398842	77	13	10	0.5176687146	0.006671137218		88.93587182	0.007494032992	11.05663415				61.85982442	26.35593597	11.78423961	0.1813335262	-0.1764622044	-0.004871321755				0	0	0	-561.7398842	0.006671137218			
559.1798842	77	13	10	0.5212276568	0.006639065235		88.87381025	0.007150584468	11.11903916				61.67927907	26.53203544	11.78868549	0.1812514597	-0.1767898632	-0.004461596533				0	0	0	-559.1798842	0.006639065235			
556.6198842	77	13	10	0.5247510854	0.00660769189		88.81152746	0.006817247863	11.1816553				61.49880595	26.70847077	11.79272329	0.1811789736	-0.1771270487	-0.004051924861				0	0	0	-556.6198842	0.00660769189			
554.0598842	77	13	10	0.5282397612	0.006577007333		88.74901898	0.006493998631	11.24448702				61.31839546	26.88525158	11.79635296	0.1811161067	-0.1774739	-0.003642206673				0	0	0	-554.0598842	0.006577007333			
551.4998842	77	13	10	0.531694427	0.006547002103		88.68628032	0.006180799949	11.30753888				61.13803798	27.06238766	11.79957437	0.1810629024	-0.1778305611	-0.003232341362				0	0	0	-551.4998842	0.006547002103			
548.9398842	77	13	10	0.5351158077	0.006517667118		88.62330694	0.00587760294	11.37081546				60.95772384	27.2398889	11.80238726	0.1810194083	-0.1781971806	-0.002822227695				0	0	0	-548.9398842	0.006517667118			
546.3798842	77	13	10	0.5385046113	0.006488993665		88.56009424	0.005584346926	11.43432141				60.77744331	27.4177654	11.80479129	0.1809856761	-0.1785739124	-0.002411763726				0	0	0	-546.3798842	0.006488993665			
543.8198842	77	13	10	0.541861529	0.006460973395		88.49663758	0.005300959697	11.49806146				60.59718662	27.59602738	11.806786	0.1809617622	-0.1789609155	-0.002000846717				0	0	0	-543.8198842	0.006460973395			
541.2598842	77	13	10	0.5451872365	0.006433598312		88.43293225	0.005027357816	11.56204039				60.41694393	27.77468523	11.80837084	0.1809477273	-0.1793583542	-0.001589373043				0	0	0	-541.2598842	0.006433598312			
538.6998842	77	13	10	0.5484823937	0.006406860765		88.3689735	0.004763446931	11.62626306				60.23670532	27.95374952	11.80954516	0.1809436364	-0.1797663983	-0.001177238104				0	0	0	-538.6998842	0.006406860765			
536.1398842	77	13	10	0.5517476459	0.006380753445		88.30475651	0.004509122126	11.69073437				60.05646084	28.13323098	11.81030818	0.1809495594	-0.1801852231	-0.0007643362385				0	0	0	-536.1398842	0.006380753445			
533.5798842	77	13	10	0.5549836239	0.006355269373		88.24027641	0.004264268277	11.75545932				59.87620042	28.31314054	11.81065904	0.1809655706	-0.1806150099	-0.0003505606259				0	0	0	-533.5798842	0.006355269373			
531.0198842	77	13	10	0.5581909449	0.006330401899		88.17552825	0.004028760443	11.82044299				59.69591393	28.4934893	11.81059677	0.1809917491	-0.1810559459	6.419680526E-05				0	0	0	-531.0198842	0.006330401899			
528.4598842	77	13	10	0.5613702124	0.006306144692		88.11050704	0.003802464267	11.8856905				59.51559118	28.67428855	11.81012027	0.181028179	-0.1815082244	0.0004800454748				0	0	0	-528.4598842	0.006306144692			
525.8998842	77	13	10	0.564522017	0.006282491738		88.04520769	0.003585236398	11.95120707				59.33522186	28.8555498	11.80922834	0.1810749489	-0.1819720451	0.0008970962499				0	0	0	-525.8998842	0.006282491738			
523.3398842	77	13	10	0.5676469371	0.006259437333		87.97962506	0.003376924935	12.01699801				59.15479557	29.03728475	11.80791968	0.1811321527	-0.1824476143	0.001315461547				0	0	0	-523.3398842	0.006259437333			
520.7798842	77	13	10	0.5707455387	0.006236976077		87.91375394	0.003177369881	12.08306869				58.97430182	29.2195053	11.80619287	0.1811998894	-0.1829351449	0.001735255433				0	0	0	-520.7798842	0.006236976077			
518.2198842	77	13	10	0.5738183763	0.006215102874		87.84758902	0.002986403613	12.14942458				58.79373003	29.4022236	11.80404637	0.1812782631	-0.1834348568	0.002156593739				0	0	0	-518.2198842	0.006215102874			
515.6598842	77	13	10	0.5768659931	0.006193812924		87.78112493	0.002803851374	12.21607122				58.61306948	29.58545201	11.80147852	0.1813673831	-0.1839469773	0.002579594162				0	0	0	-515.6598842	0.006193812924			
513.0998842	77	13	10	0.5798889214	0.006173101723		87.71435621	0.002629531764	12.28301426				58.43230935	29.7692031	11.79848754	0.1814673644	-0.1844717408	0.003004376384				0	0	0	-513.0998842	0.006173101723			
510.5398842	77	13	10	0.582887683	0.006152965056		87.64727731	0.002463257252	12.35025943				58.25143872	29.95348973	11.79507155	0.1815783275	-0.1850093896	0.003431062186				0	0	0	-510.5398842	0.006152965056			
507.9798842	77	13	10	0.5858627896	0.006133398996		87.57988262	0.002304834696	12.41781255				58.0704465	30.13832498	11.79122852	0.1817003984	-0.185560174	0.003859775569				0	0	0	-507.9798842	0.006133398996			
505.4198842	77	13	10	0.5888147431	0.006114399902		87.5121664	0.002154065864	12.48567954				57.88932152	30.32372218	11.78695631	0.1818337092	-0.1861243521	0.00429064288				0	0	0	-505.4198842	0.006114399902			
502.8598842	77	13	10	0.5917440358	0.006095964417		87.44412284	0.002010747971	12.55386642				57.70805242	30.50969494	11.78225264	0.1819783979	-0.1867021908	0.004723792937				0	0	0	-502.8598842	0.006095964417			
500.2998842	77	13	10	0.594651151	0.006078089464		87.37574602	0.001874674212	12.62237931				57.52662775	30.69625714	11.77711511	0.1821346085	-0.1872939657	0.005159357165				0	0	0	-500.2998842	0.006078089464			
497.7398842	77	13	10	0.5975365094	0.006060659351		87.30703231	0.001745636385	12.69122205				57.34503926	30.88341944	11.7715413	0.1822990988	-0.1878964494	0.005597350543				0	0	0	-497.7398842	0.006060659351			
495.1798842	77	13	10	0.6004006846	0.006044009694		87.23797084	0.001623416971	12.76040574				57.1632684	31.07120328	11.76552831	0.1824821851	-0.1885204371	0.006038252001				0	0	0	-495.1798842	0.006044009694			
492.6198842	77	13	10	0.6032440822	0.006027804387		87.16855768	0.001507802505	12.82993452				56.9813065	31.25962006	11.75907344	0.1826739997	-0.1891558794	0.00648187969				0	0	0	-492.6198842	0.006027804387			
490.0598842	77	13	10	0.6060671534	0.006012152816		87.09878644	0.001398575461	12.89981499				56.79914135	31.44868494	11.75217371	0.1828780655	-0.1898065464	0.006928480866				0	0	0	-490.0598842	0.006012152816			
487.4998842	77	13	10	0.6088703416	0.005997053065		87.0286506	0.001295517003	12.97005388				56.61676058	31.6384134	11.74482602	0.1830945503	-0.190472753	0.007378202726				0	0	0	-487.4998842	0.005997053065			
484.9398842	77	13	10	0.6116540818	0.005982501836		86.9581436	0.001198407516	13.040658				56.43415169	31.8288212	11.73702711	0.1833235816	-0.1911547752	0.007831193629				0	0	0	-484.9398842	0.005982501836			
482.3798842	77	13	10	0.6144188006	0.005968494856		86.88725878	0.001107027138	13.11163419				56.2513021	32.01992432	11.72877358	0.1835652551	-0.191852858	0.008287602854				0	0	0	-482.3798842	0.005968494856			
479.8198842	77	13	10	0.6171649157	0.005955026735		86.8159895	0.001021156268	13.18298934				56.06819914	32.21173898	11.72006188	0.1838196295	-0.1925672093	0.00874757985				0	0	0	-479.8198842	0.005955026735			
477.2598842	77	13	10	0.6198928354	0.005942090883		86.7443291	0.0009405760633	13.25473032				55.88483015	32.40428155	11.71088829	0.1840867231	-0.1932979965	0.009211273469				0	0	0	-477.2598842	0.005942090883			
474.6998842	77	13	10	0.6226029585	0.005929679418		86.67227096	0.0008650689148	13.32686397				55.70118249	32.59756852	11.70124899	0.1843665104	-0.1940453416	0.009678831128				0	0	0	-474.6998842	0.005929679418			
472.1398842	77	13	10	0.6252956735	0.005917783071		86.59980854	0.000794418912	13.39939704				55.51724358	32.79161646	11.69113997	0.1846589187	-0.1948093165	0.01015039787				0	0	0	-472.1398842	0.005917783071			
469.5798842	77	13	10	0.6279713583	0.005906391082		86.52693539	0.0007284122851	13.4723362				55.33300097	32.98644194	11.68055709	0.1849638233	-0.1955899386	0.01062611533				0	0	0	-469.5798842	0.005906391082			
467.0198842	77	13	10	0.6306303797	0.005895491094		86.45364524	0.0006668378284	13.54568792				55.1484424	33.18206151	11.66949609	0.185281044	-0.1963871646	0.0111061206				0	0	0	-467.0198842	0.005895491094			
464.4598842	77	13	10	0.6332730929	0.005885069042		86.379932	0.0006094873038	13.61945851				54.96355584	33.37849159	11.65795257	0.1856103403	-0.1972008853	0.01159054499				0	0	0	-464.4598842	0.005885069042			
461.8998842	77	13	10	0.6358998406	0.005875109024		86.30578983	0.0005561558239	13.69365402				54.77832956	33.57574845	11.64592199	0.1859514064	-0.198030919	0.01207951265				0	0	0	-461.8998842	0.005875109024			
459.3398842	77	13	10	0.6385109527	0.005865593177		86.23121318	0.0005066422125	13.76828018				54.59275221	33.77384806	11.63339973	0.186303866	-0.198877005	0.01257313902				0	0	0	-459.3398842	0.005865593177			
456.7798842	77	13	10	0.6411067454	0.005856501541		86.15619687	0.0004607493427	13.84334238				54.40681289	33.97280608	11.62038103	0.1866672672	-0.1997387964	0.01307152925				0	0	0	-456.7798842	0.005856501541			
454.2198842	77	13	10	0.6436875207	0.005847811911		86.08073611	0.0004182844523	13.9188456				54.22050124	34.17263771	11.60686106	0.187041076	-0.2006158523	0.01357477633				0	0	0	-454.2198842	0.005847811911			
451.6598842	77	13	10	0.6462536704	0.005839738134		86.00482118	0.0003790582175	13.99479976				54.03379985	34.37336586	11.59283429	0.1874323177	-0.2015158859	0.01408356819				0	0	0	-451.6598842	0.005839738134			
449.0998842	77	13	10	0.6488052617	0.005831553617		85.92845884	0.0003428899278	14.07119827				53.84671447	34.57498865	11.57829688	0.1878178538	-0.2024140711	0.01459621738				0	0	0	-449.0998842	0.005831553617			
446.5398842	77	13	10	0.6513426715	0.005823968206		85.85163957	0.0003096000734	14.14805083				53.65922792	34.77752896	11.56324313	0.1882206103	-0.203335211	0.0151146007				0	0	0	-446.5398842	0.005823968206			
443.9798842	77	13	10	0.6538661719	0.005816753771		85.77435902	0.0002790157595	14.22536197				53.47133019	34.98100208	11.54766772	0.1886334067	-0.2042717112	0.01563830449				0	0	0	-443.9798842	0.005816753771			
441.4198842	77	13	10	0.6563760336	0.005809915493		85.69661263	0.0002509696261	14.3031364				53.28301095	35.18542383	11.53156522	0.1890565833	-0.2052240693	0.016167486				0	0	0	-441.4198842	0.005809915493			
438.8598842	77	13	10	0.6588725259	0.005803459896		85.61839567	0.0002253000488	14.38137903				53.09425949	35.39081053	11.51492998	0.1894905138	-0.2061928252	0.01670231138				0	0	0	-438.8598842	0.005803459896			
436.2998842	77	13	10	0.6613559177	0.005797393724		85.53970315	0.0002018513092	14.46009499				52.90506471	35.59717906	11.49775623	0.1899355832	-0.2071785374	0.01724295416				0	0	0	-436.2998842	0.005797393724			
433.7398842	77	13	10	0.6638264768	0.005791724083		85.46052989	0.0001804737325	14.53928964				52.71541512	35.8045469	11.48003798	0.1903921918	-0.2081817877	0.01778959597				0	0	0	-433.7398842	0.005791724083			
431.1798842	77	13	10	0.6662844706	0.005786458442		85.38087046	0.0001610237929	14.61896852				52.52529881	36.01293213	11.46176907	0.1908607561	-0.209203183	0.0183424269				0	0	0	-431.1798842	0.005786458442			
428.6198842	77	13	10	0.668730166	0.005781604648		85.3007192	0.0001433641885	14.69913744				52.33470343	36.22235343	11.44294314	0.1913417092	-0.2102433552	0.01890164596				0	0	0	-428.6198842	0.005781604648			
426.0598842	77	13	10	0.6711638297	0.005777170924		85.22007022	0.0001273638856	14.77980242				52.14361621	36.43283018	11.42355361	0.1918355015	-0.211302963	0.01946746144				0	0	0	-426.0598842	0.005777170924			
423.4998842	77	13	10	0.6735857282	0.005773165882		85.13891736	0.000112898134	14.86096974				51.95202389	36.64438241	11.4035937	0.1923426009	-0.2123826923	0.02004009139				0	0	0	-423.4998842	0.005773165882			
420.9398842	77	13	10	0.6759961279	0.005769598527		85.05725423	9.984845452E-05	14.94264592				51.75991272	36.85703088	11.3830564	0.1928634935	-0.2134832575	0.02061976403				0	0	0	-420.9398842	0.005769598527			
418.3798842	77	13	10	0.6783952957	0.005766478263		84.97507416	8.810260004E-05	15.02483774				51.56726847	37.07079707	11.36193445	0.1933986841	-0.2146054023	0.02120671827				0	0	0	-418.3798842	0.005766478263			
417.0998842	77	13	10	0.679589707	0.002884566882		84.93371175	8.267887506E-05	15.06620557				51.47086129	37.17788805	11.35125067	0.09718834477	-0.1079789766	0.01079063185				0	0	0	-417.0998842	0.002884566882			
416.7798842	77	13	10	0.679887828	0.0007218368675		84.92333401	8.136698533E-05	15.07658462				51.4467635	37.20465867	11.34857783	0.02486666635	-0.02763612756	0.002769461212				0	0	0	-416.7798842	0.0007218368675			
416.6198842	77	13	10	0.6800364285	0.0003601683614		84.91814556	8.071801956E-05	15.08177372				51.43470569	37.21806103	11.34723328	0.01281215184	-0.01424127977	0.001429127932				0	0	0	-416.6198842	0.0003601683614			
416.5398842	77	13	10	0.6801106979	0.000180068672		84.91555039	8.039518263E-05	15.08436921				51.42867622	37.22476344	11.34656034	0.006783484778	-0.007540731222	0.0007572464435				0	0	0	-416.5398842	0.000180068672			
416.5198842	77	13	10	0.6801292583	4.499580513E-05		84.91490141	8.031463774E-05	15.08501827				51.42716871	37.22643913	11.34639216	0.002261269529	-0.002513745777	0.0002524762475				0	0	0	-416.5198842	4.499580513E-05			
416.4998842	77	13	10	0.721865473	0.04636467314	0.1224873446	84.001219	3.189322352E-05	15.99874911	29.08438947	69.73992521	1.17568532	52.90274382	34.5115206	12.58573558	0.0004463861174	0.0003284828958	-0.0007748690132	-0.001478303081	0.002885370592	-0.001407067511	0	0	0	-416.4998842	0.04636467314	0.1224873446	0.334878646159937	
416.4798842	77	13	10	0.7219372197	0.000123970125	0.0001874214525	83.99919713	3.181609838E-05	16.00077105	29.08244263	69.74175932	1.175798053	52.90341692	34.50912066	12.58746242	0.0001106099819	0.001530197621	-0.001640807603	-0.001812465693	0.004085135309	-0.002272669616	0	0	0	-416.4798842	0.000123970125	0.0001874214525	0.640571045498176	
416.4398842	77	13	10	0.7220793202	0.0002445608979	0.000375795452	83.99515474	3.166241158E-05	16.0048136	29.07855071	69.74542586	1.176023426	52.90476448	34.50431941	12.59091612	-0.0005637133658	0.003931333528	-0.003367620163	-0.002487168281	0.006486848131	-0.00399967985	0	0	0	-416.4398842	0.0002445608979	0.000375795452	0.644017992409665	
416.3598842	77	13	10	0.7223635801	0.0004896252296	0.0007518306202	83.98706625	3.135706537E-05	16.01290239	29.07076605	69.7527597	1.176474245	52.9074631	34.49470808	12.59782882	-0.001914523824	0.008741059555	-0.006826535731	-0.003838739009	0.01129773045	-0.007458991437	0	0	0	-416.3598842	0.0004896252296	0.0007518306202	0.652314565748168	
416.1998842	77	13	10	0.7229323944	0.0009813770217	0.001504282498	83.97087448	3.0754408E-05	16.02909476	29.0551934	69.76743042	1.177376173	52.91287444	34.47545007	12.61167549	-0.00462671899	0.01838704164	-0.01376032265	-0.006552450078	0.02094602038	-0.0143935703	0	0	0	-416.1998842	0.0009813770217	0.001504282498	0.654387425714957	
415.8798842	77	13	10	0.7240709704	0.001970858715	0.003012406904	83.93843157	2.958064867E-05	16.06153885	29.02403479	69.79678402	1.179181192	52.92375362	34.43679221	12.63945417	-0.01009352391	0.03778551037	-0.02769198645	-0.01202228052	0.04034910251	-0.02832682199	0	0	0	-415.8798842	0.001970858715	0.003012406904	0.6579713956152	
415.2398842	77	13	10	0.7263519346	0.003974436384	0.006040208671	83.8733071	2.735476074E-05	16.12666555	28.9616638	69.85554034	1.182795861	52.94573901	34.35890549	12.6953555	-0.02119780906	0.07701174409	-0.05581393502	-0.0231325315	0.07958449364	-0.05645196214	0	0	0	-415.2398842	0.003974436384	0.006040208671	0.665259754884581	
413.9598842	77	13	10	0.7309258806	0.008076245279	0.01214066007	83.74209311	2.335471839E-05	16.25788354	28.83670596	69.97325025	1.190043794	52.9906279	34.2008175	12.80855459	-0.04409682703	0.1572070666	-0.1131102396	-0.0460439887	0.1597987099	-0.1137547212	0	0	0	-413.9598842	0.008076245279	0.01214066007	0.68008581364324	
411.3998842	77	13	10	0.7401311862	0.01669405189	0.02452726083	83.47572102	1.691082678E-05	16.52426207	28.58591376	70.20947226	1.20461398	53.08414959	33.875141	13.04070941	-0.09272072375	0.3247837196	-0.2320629958	-0.09469280028	0.3274134309	-0.2327206306	0	0	0	-411.3998842	0.01669405189	0.02452726083	1.50816137802671	
408.8398842	77	13	10	0.7492707305	0.01738989872	0.02497974427	83.20392464	1.21334142E-05	16.79606323	28.33392886	70.44678789	1.219283243	53.18280449	33.53631777	13.28087774	-0.09784364947	0.3379169838	-0.2400733343	-0.0998424142	0.34058717	-0.2407447558	0	0	0	-408.8398842	0.01738989872	0.02497974427	1.56458917450986	
406.2798842	77	13	10	0.7583426142	0.01813234356	0.02544605821	82.9264934	8.623538144E-06	17.07349797	28.08071934	70.68522894	1.234051719	53.28676182	33.18374954	13.52948864	-0.1031362971	0.3516490132	-0.2485127161	-0.1051610615	0.3543591365	-0.249198075	0	0	0	-406.2798842	0.01813234356	0.02544605821	1.62119219186287	
403.7198842	77	13	10	0.7673445936	0.01892504427	0.02592616669	82.64320783	6.069076507E-06	17.35678611	27.82625483	70.92482569	1.248919474	53.39619209	32.81681152	13.78699638	-0.1085989593	0.3660052231	-0.2574062638	-0.1106502152	0.3687561545	-0.2581059393	0	0	0	-403.7198842	0.01892504427	0.02592616669	1.68282803557783	
401.1598842	77	13	10	0.7762741656	0.01977238898	0.0264201059	82.35383538	4.228023193E-06	17.64616039	27.57050334	71.16561	1.263886658	53.51126431	32.43485198	14.05388371	-0.1142301243	0.3810125577	-0.2667824334	-0.1163083643	0.3838051727	-0.2674968084	0	0	0	-401.1598842	0.01977238898	0.0264201059	1.75002364866165	
398.5998842	77	13	10	0.7851285845	0.02067940624	0.02692808367	82.05812925	2.914504375E-06	17.94186784	27.31343091	71.40761557	1.278953518	53.63214433	32.03719198	14.3306637	-0.1200278489	0.3966995623	-0.2766717134	-0.1221320291	0.3995329021	-0.2774008729	0	0	0	-398.5998842	0.02067940624	0.02692808367	1.82418969126198	
396.0398842	77	13	10	0.793904643	0.02165084367	0.02744928576	81.75583163	1.987158951E-06	18.24416639	27.05500533	71.65087445	1.294120223	53.75899461	31.62312621	14.61787918	-0.1259862724	0.4130898363	-0.287103564	-0.1281183211	0.4159664923	-0.2878481712	0	0	0	-396.0398842	0.02165084367	0.02744928576	1.90613758674227	
393.4798842	77	13	10	0.8025989102	0.02269292273	0.02798381776	81.44666607	1.339550929E-06	18.55333259	26.79519028	71.89542257	1.309387142	53.89196932	31.19192276	14.91610792	-0.1320982398	0.4302112653	-0.2981130255	-0.1342586213	0.4331320787	-0.2988734574	0	0	0	-393.4798842	0.02269292273	0.02798381776	1.99645589318332	
390.9198842	77	13	10	0.8112075728	0.02381206219	0.02853120172	81.13034036	8.923881221E-07	18.86965875	26.5339489	72.14129643	1.324754676	54.0312132	30.74282466	15.22596214	-0.138354275	0.4480888671	-0.3097345921	-0.1405434438	0.4510546629	-0.3105112191	0	0	0	-390.9198842	0.02381206219	0.02853120172	2.09677392645063	
388.3598842	77	13	10	0.8197264464	0.02501547347	0.02909087651	80.8065439	5.872397191E-07	19.19345551	26.27124254	72.38853414	1.34022332	54.17685778	30.27505128	15.54809094	-0.1447411223	0.4667462291	-0.3220051068	-0.1469595177	0.4697578063	-0.3227982886	0	0	0	-388.3598842	0.02501547347	0.02909087651	2.20861905831373	
385.7998842	77	13	10	0.8281509592	0.02631118794	0.02966211673	80.47494589	3.815333168E-07	19.52505373	26.00703052	72.63717581	1.355793671	54.3290174	29.78780054	15.88318206	-0.1512415239	0.486204741	-0.3349632171	-0.1534895681	0.4892628668	-0.3357732988	0	0	0	-385.7998842	0.02631118794	0.02966211673	2.33388819624717	
383.2398842	77	13	10	0.8364761364	0.02770817265	0.0302440112	80.13519325	2.446140869E-07	19.86480651	25.74126965	72.88726389	1.37146646	54.48778446	29.28025188	16.23196366	-0.1578334805	0.5064828269	-0.3486493464	-0.1601115756	0.5095882289	-0.3494766532	0	0	0	-383.2398842	0.02770817265	0.0302440112	2.47489645454656	
380.6798842	77	13	10	0.8446965884	0.02921646776	0.03083544031	79.78690814	1.546771353E-07	20.21309171	25.47391378	73.13884365	1.387242572	54.65322383	28.7515701	16.59520607	-0.1644893896	0.5275950303	-0.3631056407	-0.1667979153	0.5307483875	-0.3639504722	0	0	0	-380.6798842	0.02921646776	0.03083544031	2.63449248376808	
378.1198842	77	13	10	0.8528064997	0.03084735094	0.03143505277	79.42968505	9.64086667E-08	20.57031486	25.20491311	73.39196381	1.403123081	54.82536624	28.20091037	16.97372339	-0.1711750455	0.5495509323	-0.3783758868	-0.1735143556	0.5527528652	-0.3792385097	0	0	0	-378.1198842	0.03084735094	0.03143505277	2.81621239817052	
375.5598842	77	13	10	0.8607996236	0.03261353628	0.03204124233	79.06308737	5.91950571E-08	20.93691257	24.93421344	73.64667726	1.4191093	55.00420056	27.6274244	17.36837504	-0.1778484783	0.57235388	-0.3945054017	-0.1802188981	0.5756049397	-0.3953860417	0	0	0	-375.5598842	0.03261353628	0.03204124233	3.02448690978266	
372.9998842	77	13	10	0.8686692798	0.03452941718	0.03265212569	78.6866432	3.578088487E-08	21.31335677	24.66175516	73.90304202	1.435202827	55.18966466	27.03026818	17.78006716	-0.1844586082	0.5959995049	-0.4115408967	-0.1868604319	0.5993001604	-0.4124397285	0	0	0	-372.9998842	0.03452941718	0.03265212569	3.26502738504302	
370.4398842	77	13	10	0.8764083507	0.0366113298	0.03326547611	78.29984036	2.127700548E-08	21.70015961	24.38747194	74.16112244	1.451405621	55.38163414	26.40861273	18.20975313	-0.1909430091	0.6204726196	-0.4295296105	-0.1933773505	0.6238245493	-0.4304471988	0	0	0	-370.4398842	0.0366113298	0.03326547611	3.54468349856699	
367.8798842	77	13	10	0.8840093264	0.03887810644	0.03387893654	77.90212027	1.243768152E-08	22.09787972	24.11128922	74.4209907	1.467720089	55.57991236	25.76165033	18.65843731	-0.1972293469	0.6457518918	-0.4485225449	-0.1996957336	0.6491542888	-0.4494585552	0	0	0	-367.8798842	0.03887810644	0.03387893654	3.87298312625874	
365.3198842	77	13	10	0.8914642756	0.04135120768	0.03448956681	77.49287036	7.141487342E-09	22.50712964	23.83312213	74.68272868	1.484149193	55.78421225	25.08861557	19.12717218	-0.2032270615	0.6717948557	-0.4685677942	-0.205725715	0.6752479021	-0.4695221871	0	0	0	-365.3198842	0.04135120768	0.03448956681	4.26221116338547	
362.7598842	77	13	10	0.8987649084	0.04405566836	0.03509428207	77.07141476	4.024207588E-09	22.92858524	23.55287301	74.94643039	1.500696596	55.99414177	24.38879666	19.61706157	-0.2088309728	0.698547728	-0.4897167552	-0.2113620762	0.7020514595	-0.4906893832	0	0	0	-362.7598842	0.04405566836	0.03509428207	4.72818773140643	
360.1998842	77	13	10	0.905902611	0.04702073325	0.03568966031	76.63700256	2.223326989E-09	23.36299744	23.27042815	75.21220502	1.517366836	56.20918351	23.66155547	20.12926103	-0.2139155312	0.7259366727	-0.5120211414	-0.2164792612	0.7294909939	-0.5130117327	0	0	0	-360.1998842	0.04702073325	0.03568966031	5.29258491182131	
357.6398842	77	13	10	0.9128685013	0.05028094486	0.03627202759	76.188793	1.203114843E-09	23.811207	22.98565366	75.48018078	1.534165559	56.42867171	22.90634928	20.66497902	-0.2183321907	0.7538660728	-0.5355338821	-0.2209286848	0.7574706944	-0.5365420096	0	0	0	-357.6398842	0.05028094486	0.03627202759	5.98468835409862	
355.0798842	77	13	10	0.9196535007	0.05387756349	0.03683753521	75.72583658	6.369338737E-10	24.27416342	22.69839023	75.75050997	1.551099805	56.65176547	22.12275571	21.22547882	-0.2219055099	0.7822153396	-0.5603098298	-0.2245349264	0.7858698186	-0.5613348923	0	0	0	-355.0798842	0.05387756349	0.03683753521	6.84465091319012	
352.5198842	77	13	10	0.9262484217	0.0578605082	0.03738228384	75.24705066	3.29466627E-10	24.75294934	22.40844628	76.02337533	1.568178392	56.87741745	21.31050065	21.8120819	-0.2244287395	0.8108359283	-0.5864071887	-0.2270912445	0.814539618	-0.5874483735	0	0	0	-352.5198842	0.0578605082	0.03738228384	7.92789270329417	
349.9598842	77	13	10	0.9326440739	0.06229105633	0.03790251397	74.75118779	1.662783419E-10	25.24881221	22.11558914	76.29899846	1.585412395	57.1043372	20.46948905	22.42617375	-0.2256584021	0.8395484337	-0.6138900316	-0.2283542223	0.8433005059	-0.6149462835	0	0	0	-349.9598842	0.06229105633	0.03790251397	9.31085283162825	
347.3998842	77	13	10	0.9388313889	0.06724566869	0.03839489	74.23679378	8.174459583E-11	25.76320622	21.81953339	76.57765081	1.602815795	57.33094803	19.59983792	23.06921405	-0.2253077877	0.8681403747	-0.642832587	-0.2280372576	0.8719398272	-0.6439025695	0	0	0	-347.3998842	0.06724566869	0.03839489	11.0973157298179	
344.8398842	77	13	10	0.9448015637	0.07282152033	0.03885691841	73.7021518	3.907204422E-11	26.2978482	21.51992545	76.85966823	1.620406319	57.55533573	18.7019104	23.74275387	-0.2230387999	0.8963650857	-0.6733262858	-0.2258029905	0.9002116705	-0.67440868	0	0	0	-344.8398842	0.07282152033	0.03885691841	13.4215921206234	
342.2798842	77	13	10	0.9505462235	0.07914467794	0.03928756177	73.14520643	1.811776311E-11	26.85479357	21.21632283	77.14547059	1.638206586	57.77518676	17.77634899	24.44846424	-0.2184514241	0.9239425814	-0.7054911572	-0.2212506119	0.9278342292	-0.7065836172	0	0	0	-342.2798842	0.07914467794	0.03928756177	16.4368251946081	
339.7198842	77	13	10	0.956057601	0.08638249819	0.03968814547	72.56345875	8.129134076E-12	27.43654125	20.90816566	77.43558869	1.656245654	57.9877124	16.82410453	25.18818308	-0.2110695166	0.9505636285	-0.7394941119	-0.2139049739	0.9544991861	-0.7405942122	0	0	0	-339.7198842	0.08638249819	0.03968814547	20.2594084100455	
337.1598842	77	13	10	0.9613287299	0.09476297447	0.04006371877	71.95381828	3.518197169E-12	28.04618172	20.59473707	77.73070174	1.674561193	58.18955263	15.846456	25.96399137	-0.2003206396	0.9758989317	-0.7755782921	-0.2031943435	0.9798775162	-0.7766831726	0	0	0	-337.1598842	0.09476297447	0.04006371877	24.8207515835512	
334.5998842	77	13	10	0.9663536493	0.1046059593	0.04042515088	71.31238891	1.463018292E-12	28.68761109	20.27510627	78.03169115	1.693202581	58.37665008	14.84501288	26.77833705	-0.1855058294	0.9996164291	-0.8141105997	-0.1884208285	1.003637781	-0.8152169528	0	0	0	-334.5998842	0.1046059593	0.04042515088	29.6176889301917	
332.0398842	77	13	10	0.9711276129	0.1163756079	0.04079248171	70.63414972	5.817159693E-13	29.36585028	19.94804459	78.33971993	1.712235479	58.54407609	13.82168682	27.63423709	-0.1657516125	1.021411655	-0.855660042	-0.1687125831	1.025476722	-0.8567641394	0	0	0	-332.0398842	0.1163756079	0.04079248171	33.576030695513	
329.4798842	77	13	10	0.9756472976	0.1307728395	0.04120055147	69.91246148	2.197629349E-13	30.08753852	19.61189662	78.65635455	1.731748827	58.68577639	12.77861085	28.53561277	-0.1399293	1.041059931	-0.9011306311	-0.1429434131	1.045171842	-0.9022284288	0	0	0	-329.4798842	0.1307728395	0.04120055147	35.4509626791794	
326.9198842	77	13	10	0.9799110068	0.1489083987	0.04170908599	69.13826761	7.821699981E-14	30.86173239	19.26437309	78.98376082	1.751866092	58.79417315	11.71796682	29.48786003	-0.1065108349	1.058507322	-0.951996487	-0.10958915	1.062673043	-0.9530838929	0	0	0	-326.9198842	0.1489083987	0.04170908599	34.6756063974626	
324.3598842	77	13	10	0.9839188691	0.172652215	0.04242229211	68.29872334	2.591954764E-14	31.70127666	18.9021974	79.32503817	1.772764433	58.85949284	10.64164561	30.49886155	-0.06329354108	1.074036587	-1.010743046	-0.06645334743	1.078269878	-1.011816531	0	0	0	-324.3598842	0.172652215	0.04242229211	34.3543025341971	
323.0798842	77	13	10	0.9856761074	0.09636736523	0.02185421846	67.84881275	1.445253906E-14	32.15118725	18.71417148	79.50224387	1.783584649	58.87205988	10.09796285	31.02997728	-0.01045864632	0.541310606	-0.5308519596	-0.01366772826	0.5455850779	-0.5319173496	0	0	0	-323.0798842	0.09636736523	0.02185421846	27.2194605405278	
321.7998842	77	13	10	0.9873791686	0.105735502	0.02220351258	67.37465818	7.859909586E-15	32.62534182	18.5204541	79.6848359	1.794710002	58.86852594	9.550574585	31.58089948	0.005736111162	0.5449151924	-0.5506513036	0.002468228642	0.5492407162	-0.5517089449	0	0	0	-321.7998842	0.105735502	0.02220351258	26.0858506331684	
320.5198842	77	13	10	0.9890288007	0.1171889792	0.02265932588	66.8720373	4.153590889E-15	33.1279627	18.31996034	79.87384039	1.806199272	58.84629258	8.999218234	32.15448918	0.02454284088	0.5487661473	-0.5733089882	0.02120511021	0.5531546002	-0.5743597104	0	0	0	-320.5198842	0.1171889792	0.02265932588	24.4673295037144	
319.2398842	77	13	10	0.9906259339	0.1315513033	0.02326827881	66.33537611	2.122442017E-15	33.66462389	18.1112585	80.07061146	1.818130046	58.80207672	8.443311169	32.75461211	0.04665042211	0.5531777047	-0.5998281269	0.04322776972	0.5576463859	-0.6008741556	0	0	0	-319.2398842	0.1315513033	0.02326827881	23.0260586065613	
317.9598842	77	13	10	0.9921717476	0.1501490307	0.02410380229	65.75706891	1.041776265E-15	34.24293109	17.89239654	80.27699536	1.8306081	58.73157622	7.88176275	33.38666103	0.07308313576	0.5586501407	-0.6317332765	0.06955550209	0.5632236055	-0.6327791076	0	0	0	-317.9598842	0.1501490307	0.02410380229	21.8121250225731	
316.6798842	77	13	10	0.9936677629	0.1752621	0.02528959866	65.12628717	4.865994668E-16	34.87371283	17.66059861	80.49561756	1.84378383	58.62888403	7.312645479	34.05847049	0.105454012	0.5660078341	-0.6714618461	0.1017936077	0.5707224475	-0.6725160552	0	0	0	-316.6798842	0.1752621	0.02528959866	22.7975625041867	
316.0398842	77	13	10	0.9943396936	0.09825621298	0.01329787915	64.78643516	3.250924676E-16	35.21356484	17.538624	80.61067634	1.85069966	58.56292673	7.024273227	34.41280004	0.06882397897	0.285135485	-0.353959464	0.06508343107	0.2899397289	-0.35502316	0	0	0	-316.0398842	0.09825621298	0.01329787915	20.2550285483063	
315.3998842	77	13	10	0.9950014907	0.1086369732	0.01382628393	64.42671015	2.132765346E-16	35.57328985	17.4116871	80.73042938	1.857883521	58.48537348	6.732564238	34.78206228	0.08053803031	0.2883253007	-0.368863331	0.07670507101	0.2932370587	-0.3699421297	0	0	0	-315.3998842	0.1086369732	0.01382628393	19.5411923561824	
314.7598842	77	13	10	0.9956535275	0.1216105196	0.01449470357	64.04343548	1.369687571E-16	35.95656452	17.27884863	80.8557651	1.865386273	58.39433956	6.436646718	35.16901373	0.09415291023	0.2923620714	-0.3865149817	0.09021263	0.2974040676	-0.3876166976	0	0	0	-314.7598842	0.1216105196	0.01449470357	19.3399340620949	
314.1198842	77	13	10	0.9962962683	0.1383004223	0.01536171238	63.63167556	8.574824217E-17	36.36832444	17.13884876	80.98787511	1.873276125	58.28732222	6.135299953	35.57737783	0.1102907021	0.2975870224	-0.4078777246	0.1062243014	0.3027893654	-0.4090136667	0	0	0	-314.1198842	0.1383004223	0.01536171238	19.2203632864704	
313.4798842	77	13	10	0.9969303232	0.1605917328	0.0165238886	63.18454006	5.202679537E-17	36.81545994	16.98993032	81.12842148	1.881648196	58.16086137	5.826756354	36.01238228	0.1299144059	0.3045356503	-0.4344500562	0.1256977044	0.3099393937	-0.4356370981	0	0	0	-313.4798842	0.1605917328	0.0165238886	20.9481014907178	
313.1598842	77	13	10	0.9972216992	0.08950418114	0.00880606168	62.94472432	3.995186246E-17	37.05527568	16.9113667	81.20257711	1.886056189	58.08885328	5.669000327	36.2421464	0.07556407327	0.1536020341	-0.2291661074	0.0712604844	0.1591273934	-0.2303878778	0	0	0	-313.1598842	0.08950418114	0.00880606168	19.5969618256272	
312.8398842	77	13	10	0.99751142	0.09847540458	0.009279222132	62.69190023	3.033375025E-17	37.30809977	16.82951257	81.27984527	1.890642157	58.00991468	5.508335488	36.48174983	0.08260663451	0.1563465716	-0.2389532061	0.07820720685	0.1620105863	-0.2402177932	0	0	0	-312.8398842	0.09847540458	0.009279222132	18.9958429535211	
312.5198842	77	13	10	0.997799632	0.1095241754	0.009859528738	62.42387323	2.272981571E-17	37.57612677	16.74380936	81.36075431	1.895436322	57.92296282	5.344163169	36.73287401	0.09074349201	0.1596671506	-0.2504106426	0.08623733811	0.1654913323	-0.2517286705	0	0	0	-312.5198842	0.1095241754	0.009859528738	19.0906767585611	
312.1998842	77	13	10	0.9980865215	0.123470777	0.0105876269	62.13776461	1.676876532E-17	37.86223539	16.65352469	81.44599699	1.900478323	57.82658208	5.175688446	36.99772948	0.1003096058	0.1637544278	-0.2640640336	0.09568382779	0.1697657022	-0.26544953	0	0	0	-312.1998842	0.123470777	0.0105876269	19.2243284574204	
311.8798842	77	13	10	0.9983723346	0.1416335489	0.01152801704	61.82967082	1.214022462E-17	38.17032918	16.55766582	81.53651233	1.90582185	57.71885903	5.001821949	37.27931902	0.111805572	0.1688949982	-0.2807005702	0.1070446526	0.1751278953	-0.2821725479	0	0	0	-311.8798842	0.1416335489	0.01152801704	19.4048371004652	
311.5598842	77	13	10	0.9986574135	0.1662757021	0.0127899939	61.49406792	8.585672192E-18	38.50593208	16.4548286	81.63362852	1.911542878	57.59709416	4.821006931	37.58189891	0.1260210887	0.175544848	-0.3015659367	0.121106107	0.1820449303	-0.3031510373	0	0	0	-311.5598842	0.1662757021	0.0127899939	21.4680409983823	
311.3998842	77	13	10	0.9987890789	0.09338359799	0.00695385659	61.31352313	7.142569537E-18	38.68647687	16.4001763	81.68524538	1.914578321	57.52976269	4.727304411	37.7429329	0.07168356207	0.0882600437	-0.1599436058	0.06668301589	0.0949158593	-0.1615988752	0	0	0	-311.3998842	0.09338359799	0.00695385659	20.4142800012748	
311.2398842	77	13	10	0.9989207292	0.1035886699	0.007471583746	61.12268092	5.890546068E-18	38.87731908	16.34291046	81.7393344	1.917755146	57.45725514	4.630890143	37.91185472	0.07696237537	0.09078047949	-0.1677428549	0.07186982074	0.09761030353	-0.1694801243	0	0	0	-311.2398842	0.1035886699	0.007471583746	19.7903607229632	
311.0798842	77	13	10	0.9990524505	0.1163547266	0.008113468641	60.91969066	4.808511712E-18	39.08030934	16.28256109	81.79634013	1.921098772	57.37867258	4.531232742	38.09009468	0.08314791055	0.0938092982	-0.1769572088	0.07795604204	0.1008353173	-0.1787913593	0	0	0	-311.0798842	0.1163547266	0.008113468641	19.8312726195334	
310.9198842	77	13	10	1	0.9369783952	0.06302160481	60.70207635	3.877291399E-18	39.29792365	16.21849951	81.85685728	1.924643206				0.09054342477	0.09752371668	-0.1880671414	0.08524403101	0.1047732238	-0.1900172549				-310.9198842	0.9369783952	0.06302160481	14.945392902688	
310.9098842	77	13	10	1	0.9369783952	0.06302160481	60.70207635	3.877291399E-18	39.29792365	16.21849951	81.85685728	1.924643206				0	0	0	0	0	0				-310.9098842	0.9369783952	0.06302160481	NaN	
310.8898842	77	13	10	1	0.9369783952	0.06302160481	60.70207635	3.877291399E-18	39.29792365	16.21849951	81.85685728	1.924643206				0	0	0	0	0	0				-310.8898842	0.9369783952	0.06302160481	NaN	
310.8498842	77	13	10	1	0.9369783952	0.06302160481	60.70207635	3.877291399E-18	39.29792365	16.21849951	81.85685728	1.924643206				0	0	0	0	0	0				-310.8498842	0.9369783952	0.06302160481	NaN	
310.7698842	77	13	10	1	0.9369783952	0.06302160481	60.70207635	3.877291399E-18	39.29792365	16.21849951	81.85685728	1.924643206				0	0	0	0	0	0				-310.7698842	0.9369783952	0.06302160481	NaN	
310.6098842	77	13	10	1	0.9369783952	0.06302160481	60.70207635	3.877291399E-18	39.29792365	16.21849951	81.85685728	1.924643206				0	0	0	0	0	0				-310.6098842	0.9369783952	0.06302160481	NaN	
310.2898842	77	13	10	1	0.9369783952	0.06302160481	60.70207635	3.877291399E-18	39.29792365	16.21849951	81.85685728	1.924643206				0	0	0	0	0	0				-310.2898842	0.9369783952	0.06302160481	NaN	
309.6498842	77	13	10	1	0.9369783952	0.06302160481	60.70207635	3.877291399E-18	39.29792365	16.21849951	81.85685728	1.924643206				0	0	0	0	0	0				-309.6498842	0.9369783952	0.06302160481	NaN	
308.3698842	77	13	10	1	0.9369783952	0.06302160481	60.70207635	3.877291399E-18	39.29792365	16.21849951	81.85685728	1.924643206				0	0	0	0	0	0				-308.3698842	0.9369783952	0.06302160481	NaN	
305.8098842	77	13	10	1	0.9369783952	0.06302160481	60.70207635	3.877291399E-18	39.29792365	16.21849951	81.85685728	1.924643206				0	0	0	0	0	0				-305.8098842	0.9369783952	0.06302160481	NaN	
300.6898842	77	13	10	1	0.9369783952	0.06302160481	60.70207635	3.877291399E-18	39.29792365	16.21849951	81.85685728	1.924643206				0	0	0	0	0	0				-300.6898842	0.9369783952	0.06302160481	NaN	
300	77	13	10	1	0.9369783952	0.06302160481	60.70207635	3.877291399E-18	39.29792365	16.21849951	81.85685728	1.924643206				0	0	0	0	0	0				-300	0.9369783952	0.06302160481	NaN	
